TL 
Tra: [ 0.37823196 -0.1788297   0.11158911]
 Rot: [[ 0.99841581  0.04588201 -0.03227184]
 [ 0.04457973 -0.99819597 -0.03997783]
 [-0.03404789  0.03847582 -0.99867928]]
 Qtn: [ 0.01962497  0.99941121  0.02262876 -0.0165897 ]

BR 
Tra: [0.59704681 0.09648339 0.11298614]
 Rot: [[ 0.99422851 -0.09556945  0.04854841]
 [-0.0962838  -0.99526463  0.01258987]
 [ 0.0471153  -0.01719164 -0.99874148]]
 Qtn: [-0.00745635  0.99852824 -0.04803401  0.02395118]


BOWL 
Tra: [0.52138842 0.23314998 0.11760377]
 Rot: [[ 0.99060481  0.13646349 -0.00778264]
 [ 0.13666735 -0.98794745  0.07254456]
 [ 0.00221084 -0.07292663 -0.99733481]]
 Qtn: [-0.03647791  0.99698133  0.06848946 -0.00139717]