TOP LEFT CORNER - TESTING WITH CLEAR PEN

Tra: [ 0.37408099 -0.16735142  0.12694734]
 Rot: [[ 0.99913811  0.01576577 -0.03814788]
 [ 0.00979975 -0.98835271 -0.15180272]
 [-0.04009685  0.15129805 -0.98767438]]
 Qtn: [ 0.07601153  0.99689082  0.00641131 -0.01962219]

BOWL CENTROID - TESTING WITH CLEAR PEN

 Tra: [0.51017637 0.2247803  0.14424434]
 Rot: [[ 0.99956352  0.02217587  0.01901996]
 [ 0.02171809 -0.99946768  0.02394668]
 [ 0.01954087 -0.02352315 -0.99953229]]
 Qtn: [-0.01186959  0.99982042  0.01097546  0.00964194]

TOP LEFT CORNER - TESTING WITH WOOD PEN NO HOLDER

Tra: [ 0.39492198 -0.12091469  0.17147485]
 Rot: [[ 0.99599434  0.00114412 -0.08930211]
 [-0.01372131 -0.98607601 -0.16567166]
 [-0.08824821  0.16623338 -0.98212934]]
 Qtn: [ 0.08335009  0.9955149  -0.00315846 -0.04458756]


BOWL CENTROID - TESTING WITH WOOD PEN NO HOLDER

Tra: [0.52842954 0.21425549 0.18259661]
 Rot: [[ 0.9808308   0.14323507 -0.13204446]
 [ 0.15249826 -0.98629131  0.0628853 ]
 [-0.12122692 -0.08181639 -0.98924704]]
 Qtn: [-0.03637435  0.99453119  0.07433988 -0.06366602]

BOWL CENTROID - FANCY STEP WITH WOOD PEN NO HOLDER

 Tra: [0.44670231 0.23171216 0.20904718]
 Rot: [[ 0.9875657   0.13735159 -0.07635037]
 [ 0.1380152  -0.99041435  0.00345901]
 [-0.0751434  -0.01395351 -0.99707505]]
 Qtn: [-0.00436677  0.99687701  0.06905737 -0.03799209]

 ========================================
BOARD HEIGHT

 Tra: [ 0.37673421 -0.15811573  0.17493918]
 Rot: [[ 0.99954874 -0.0108006  -0.02768427]
 [-0.01465195 -0.98961441 -0.14293278]
 [-0.025853    0.14327391 -0.98934514]]
 Qtn: [ 0.07174467  0.99730992 -0.0063803  -0.01342042]
 
BOWL CENTROID

 Tra: [0.51859339 0.22058808 0.18415329]
 Rot: [[ 0.92251182  0.38468886 -0.03109955]
 [ 0.38584811 -0.92107883  0.05211353]
 [-0.00859765 -0.06007505 -0.9981568 ]]
 Qtn: [-0.02861899  0.98001881  0.19656178 -0.01012664]

BRUSH TAP 

Tra: [0.43740308 0.22452381 0.21196003]
 Rot: [[ 0.97170842  0.23512633 -0.02188844]
 [ 0.23555635 -0.97165095  0.01970791]
 [-0.01663408 -0.0243063  -0.99956615]]
 Qtn: [-0.01108291  0.99284006  0.11851926 -0.00970008]
